{
 "cells": [
  {
   "cell_type": "code",
   "execution_count": 1,
   "metadata": {
    "collapsed": true,
    "executionInfo": {
     "elapsed": 1708,
     "status": "ok",
     "timestamp": 1650676411370,
     "user": {
      "displayName": "김세용",
      "userId": "02688480041399525640"
     },
     "user_tz": -540
    },
    "id": "dCLhzhW2v6rl"
   },
   "outputs": [],
   "source": [
    "import torch\n",
    "from conv import MNISTNetwork\n",
    "from trainer import Trainer\n",
    "from dataloader import retrieve_mnist"
   ]
  },
  {
   "cell_type": "code",
   "execution_count": 2,
   "metadata": {
    "colab": {
     "base_uri": "https://localhost:8080/"
    },
    "executionInfo": {
     "elapsed": 9,
     "status": "ok",
     "timestamp": 1650676411371,
     "user": {
      "displayName": "김세용",
      "userId": "02688480041399525640"
     },
     "user_tz": -540
    },
    "id": "Rh21pdQrv6rn",
    "outputId": "5834ba4d-03fd-4281-bbbf-9960a1cdbadb",
    "pycharm": {
     "name": "#%%\n"
    }
   },
   "outputs": [
    {
     "name": "stdout",
     "output_type": "stream",
     "text": [
      "True\n",
      "학습을 진행하는 기기: cuda:0\n"
     ]
    }
   ],
   "source": [
    "USE_CUDA = torch.cuda.is_available()\n",
    "print(USE_CUDA)\n",
    "\n",
    "device = torch.device('cuda:0' if USE_CUDA else 'cpu')\n",
    "print('학습을 진행하는 기기:',device)"
   ]
  },
  {
   "cell_type": "code",
   "execution_count": 3,
   "metadata": {
    "executionInfo": {
     "elapsed": 509,
     "status": "ok",
     "timestamp": 1650676449726,
     "user": {
      "displayName": "김세용",
      "userId": "02688480041399525640"
     },
     "user_tz": -540
    },
    "id": "oJVQiYn_v6ro",
    "pycharm": {
     "name": "#%%\n"
    }
   },
   "outputs": [],
   "source": [
    "batch_size = 128\n",
    "epoch = 10\n",
    "n_iter = 100\n",
    "trainer = Trainer(MNISTNetwork, epoch=epoch, n_iter=n_iter, device=device)"
   ]
  },
  {
   "cell_type": "code",
   "execution_count": 8,
   "metadata": {
    "colab": {
     "base_uri": "https://localhost:8080/",
     "height": 1000
    },
    "executionInfo": {
     "elapsed": 289190,
     "status": "error",
     "timestamp": 1650676739558,
     "user": {
      "displayName": "김세용",
      "userId": "02688480041399525640"
     },
     "user_tz": -540
    },
    "id": "czutbuHzv6ro",
    "outputId": "38265761-b24a-4efe-9040-6423477da2ab",
    "pycharm": {
     "name": "#%%\n"
    }
   },
   "outputs": [
    {
     "name": "stdout",
     "output_type": "stream",
     "text": [
      "0.9999\n",
      "tensor([[0.9995, 0.9987, 0.9961,  ..., 0.9985, 0.9993, 0.9969],\n",
      "        [0.9987, 0.9996, 0.9972,  ..., 0.9993, 0.9993, 0.9982],\n",
      "        [0.9961, 0.9972, 0.9998,  ..., 0.9971, 0.9975, 0.9964],\n",
      "        ...,\n",
      "        [0.9985, 0.9993, 0.9971,  ..., 0.9999, 0.9989, 0.9971],\n",
      "        [0.9993, 0.9993, 0.9975,  ..., 0.9989, 0.9999, 0.9979],\n",
      "        [0.9969, 0.9982, 0.9964,  ..., 0.9971, 0.9979, 1.0000]],\n",
      "       device='cuda:0', grad_fn=<MmBackward0>)\n",
      "Epoch: 0, Iteration:100, loss: 15936.8193359375\n",
      "ACC: 0.0, NMI: 0.014746626590667892, ARI: -0.00036369273001772014\n",
      "tensor([[1.0000, 0.9993, 0.9986,  ..., 0.9996, 0.9989, 0.9984],\n",
      "        [0.9993, 0.9998, 0.9993,  ..., 0.9990, 0.9995, 0.9972],\n",
      "        [0.9986, 0.9993, 0.9996,  ..., 0.9984, 0.9989, 0.9963],\n",
      "        ...,\n",
      "        [0.9996, 0.9990, 0.9984,  ..., 0.9998, 0.9988, 0.9993],\n",
      "        [0.9989, 0.9995, 0.9989,  ..., 0.9988, 1.0001, 0.9971],\n",
      "        [0.9984, 0.9972, 0.9963,  ..., 0.9993, 0.9971, 1.0003]],\n",
      "       device='cuda:0', grad_fn=<MmBackward0>)\n",
      "Epoch: 1, Iteration:100, loss: 16005.44921875\n",
      "ACC: 0.0, NMI: 0.016710751918756143, ARI: 0.00022433538566266113\n",
      "tensor([[0.9999, 0.9920, 0.9982,  ..., 0.9946, 0.9942, 0.9971],\n",
      "        [0.9920, 0.9999, 0.9945,  ..., 0.9920, 0.9972, 0.9931],\n",
      "        [0.9982, 0.9945, 1.0001,  ..., 0.9964, 0.9954, 0.9986],\n",
      "        ...,\n",
      "        [0.9946, 0.9920, 0.9964,  ..., 1.0002, 0.9972, 0.9949],\n",
      "        [0.9942, 0.9972, 0.9954,  ..., 0.9972, 0.9998, 0.9945],\n",
      "        [0.9971, 0.9931, 0.9986,  ..., 0.9949, 0.9945, 0.9999]],\n",
      "       device='cuda:0', grad_fn=<MmBackward0>)\n",
      "Epoch: 2, Iteration:100, loss: 15919.30078125\n",
      "ACC: 0.0, NMI: 0.01588200799467867, ARI: 7.144464959815614e-05\n",
      "tensor([[1.0001, 0.9928, 0.9890,  ..., 0.9984, 0.9998, 0.9908],\n",
      "        [0.9928, 1.0002, 0.9901,  ..., 0.9971, 0.9923, 0.9922],\n",
      "        [0.9890, 0.9901, 0.9996,  ..., 0.9940, 0.9890, 0.9946],\n",
      "        ...,\n",
      "        [0.9984, 0.9971, 0.9940,  ..., 1.0004, 0.9982, 0.9962],\n",
      "        [0.9998, 0.9923, 0.9890,  ..., 0.9982, 0.9996, 0.9911],\n",
      "        [0.9908, 0.9922, 0.9946,  ..., 0.9962, 0.9911, 0.9999]],\n",
      "       device='cuda:0', grad_fn=<MmBackward0>)\n",
      "Epoch: 3, Iteration:100, loss: 15837.0625\n",
      "ACC: 0.0, NMI: 0.0016336983476073598, ARI: -3.333895135113016e-05\n",
      "tensor([[0.9998, 0.9860, 0.9929,  ..., 0.9744, 0.9994, 0.9984],\n",
      "        [0.9860, 1.0002, 0.9752,  ..., 0.9576, 0.9873, 0.9912],\n",
      "        [0.9929, 0.9752, 1.0000,  ..., 0.9638, 0.9908, 0.9895],\n",
      "        ...,\n",
      "        [0.9744, 0.9576, 0.9638,  ..., 1.0001, 0.9743, 0.9730],\n",
      "        [0.9994, 0.9873, 0.9908,  ..., 0.9743, 0.9998, 0.9989],\n",
      "        [0.9984, 0.9912, 0.9895,  ..., 0.9730, 0.9989, 0.9996]],\n",
      "       device='cuda:0', grad_fn=<MmBackward0>)\n",
      "Epoch: 4, Iteration:100, loss: 15853.087890625\n",
      "ACC: 0.0, NMI: 0.03191824309899766, ARI: 0.00043916100651811215\n",
      "tensor([[0.9996, 0.9849, 0.9868,  ..., 0.9884, 0.9884, 0.9723],\n",
      "        [0.9849, 1.0000, 0.9675,  ..., 0.9994, 0.9707, 0.9526],\n",
      "        [0.9868, 0.9675, 1.0001,  ..., 0.9708, 0.9918, 0.9567],\n",
      "        ...,\n",
      "        [0.9884, 0.9994, 0.9708,  ..., 1.0000, 0.9748, 0.9559],\n",
      "        [0.9884, 0.9707, 0.9918,  ..., 0.9748, 0.9998, 0.9586],\n",
      "        [0.9723, 0.9526, 0.9567,  ..., 0.9559, 0.9586, 0.9994]],\n",
      "       device='cuda:0', grad_fn=<MmBackward0>)\n",
      "Epoch: 5, Iteration:100, loss: 15747.505859375\n",
      "ACC: 7.735148514851485e-05, NMI: 0.05472918787391206, ARI: 0.0025135011835140516\n",
      "tensor([[1.0001, 0.9907, 0.9973,  ..., 0.9969, 0.9739, 0.9980],\n",
      "        [0.9907, 0.9999, 0.9897,  ..., 0.9978, 0.9649, 0.9861],\n",
      "        [0.9973, 0.9897, 1.0002,  ..., 0.9945, 0.9737, 0.9928],\n",
      "        ...,\n",
      "        [0.9969, 0.9978, 0.9945,  ..., 1.0003, 0.9716, 0.9938],\n",
      "        [0.9739, 0.9649, 0.9737,  ..., 0.9716, 0.9997, 0.9673],\n",
      "        [0.9980, 0.9861, 0.9928,  ..., 0.9938, 0.9673, 0.9998]],\n",
      "       device='cuda:0', grad_fn=<MmBackward0>)\n",
      "Epoch: 6, Iteration:100, loss: 15712.83203125\n",
      "ACC: 0.0796720297029703, NMI: 0.09663746973547795, ARI: 0.0397932981523164\n",
      "tensor([[0.9997, 0.9707, 0.9260,  ..., 0.9622, 0.9902, 0.9728],\n",
      "        [0.9707, 1.0002, 0.9734,  ..., 0.9881, 0.9797, 0.9841],\n",
      "        [0.9260, 0.9734, 0.9998,  ..., 0.9412, 0.9344, 0.9397],\n",
      "        ...,\n",
      "        [0.9622, 0.9881, 0.9412,  ..., 1.0001, 0.9711, 0.9758],\n",
      "        [0.9902, 0.9797, 0.9344,  ..., 0.9711, 1.0004, 0.9949],\n",
      "        [0.9728, 0.9841, 0.9397,  ..., 0.9758, 0.9949, 1.0000]],\n",
      "       device='cuda:0', grad_fn=<MmBackward0>)\n",
      "Epoch: 7, Iteration:100, loss: 15531.6171875\n",
      "ACC: 0.04385829207920792, NMI: 0.1276053363726062, ARI: 0.07223387701805459\n",
      "tensor([[1.0005, 0.9505, 0.9404,  ..., 0.9127, 0.9509, 0.9445],\n",
      "        [0.9505, 0.9997, 0.9860,  ..., 0.9595, 0.9964, 0.9914],\n",
      "        [0.9404, 0.9860, 1.0001,  ..., 0.9912, 0.9895, 0.9848],\n",
      "        ...,\n",
      "        [0.9127, 0.9595, 0.9912,  ..., 0.9998, 0.9627, 0.9587],\n",
      "        [0.9509, 0.9964, 0.9895,  ..., 0.9627, 0.9999, 0.9930],\n",
      "        [0.9445, 0.9914, 0.9848,  ..., 0.9587, 0.9930, 1.0000]],\n",
      "       device='cuda:0', grad_fn=<MmBackward0>)\n",
      "Epoch: 8, Iteration:100, loss: 15475.291015625\n",
      "ACC: 0.001082920792079208, NMI: 0.11202071883681862, ARI: 0.0540092731596922\n",
      "tensor([[1.0000, 0.9927, 0.9900,  ..., 0.9971, 0.9939, 0.9939],\n",
      "        [0.9927, 1.0002, 0.9984,  ..., 0.9848, 0.9793, 0.9987],\n",
      "        [0.9900, 0.9984, 1.0002,  ..., 0.9820, 0.9768, 0.9963],\n",
      "        ...,\n",
      "        [0.9971, 0.9848, 0.9820,  ..., 1.0001, 0.9975, 0.9864],\n",
      "        [0.9939, 0.9793, 0.9768,  ..., 0.9975, 1.0001, 0.9806],\n",
      "        [0.9939, 0.9987, 0.9963,  ..., 0.9864, 0.9806, 0.9998]],\n",
      "       device='cuda:0', grad_fn=<MmBackward0>)\n",
      "Epoch: 9, Iteration:100, loss: 15298.5615234375\n",
      "ACC: 0.03674195544554455, NMI: 0.1396629482071, ARI: 0.08025927218006146\n"
     ]
    }
   ],
   "source": [
    "data = retrieve_mnist(batch_size=batch_size)\n",
    "trainer.train(data)"
   ]
  },
  {
   "cell_type": "code",
   "execution_count": null,
   "metadata": {
    "collapsed": false,
    "pycharm": {
     "name": "#%%\n"
    }
   },
   "outputs": [],
   "source": []
  }
 ],
 "metadata": {
  "accelerator": "GPU",
  "colab": {
   "collapsed_sections": [],
   "name": "main.ipynb",
   "provenance": []
  },
  "kernelspec": {
   "display_name": "Python 3",
   "language": "python",
   "name": "python3"
  },
  "language_info": {
   "codemirror_mode": {
    "name": "ipython",
    "version": 3
   },
   "file_extension": ".py",
   "mimetype": "text/x-python",
   "name": "python",
   "nbconvert_exporter": "python",
   "pygments_lexer": "ipython3",
   "version": "3.7.13"
  }
 },
 "nbformat": 4,
 "nbformat_minor": 0
}
